10      563139
11      603573
12      580136
13      445382
14      589266
15      501331
16      581212
17      550002
18      555961
19      548410
20      520667
21      466583
22      556174
23      518224
24      545344
25      525374
26      556664
27      553171
28      463999
29      465635
30      526896
31      600129
32      542427
33      456971
34      585575
35      489217
36      559963
37      414526
38      587284
39      533723
40      535808
41      504530
42      525688
43      581218
44      559851
45      571135
46      568950
47      610941
48      539136
49      550857
50      539153
51      558317
52      556602
53      547551
54      529969
55      587981
56      559574
57      411627
58      550436
59      541519
60      549313
61      497723
62      478652
63      359912
64      599531
65      518693
66      580423
67      474693
68      554345
69      579412
70      558279
71      464955
72      545870
73      476745
74      585695
75      546264
76      569077
77      470372
78      520047
79      518897
80      410691
81      415675
82      561161
83      603598
84      515635
85      457502
86      574241
87      575863
88      512076
89      483534
90      569266
91      594738
92      492897
93      475071
94      517955
95      546114
96      546687
97      571800
98      570125
99      493752
100     571571
101     540434
102     451374
103     542647
104     493912
105     481700
106     557183
107     608878
108     520344
109     564190
110     518271
111     565847
112     529377
113     581906
114     470505
115     546261
116     481031
117     607396
118     417114
119     463864
120     546274
121     570379
122     553949
123     489064
124     573666
125     483939
126     557590
127     530640
128     549213
129     616816
130     495353
131     562965
132     576447
133     566676
134     565841
135     550119
136     415555
137     555392
138     549455
139     556921
140     458497
141     538571
142     467904
143     423598
144     508828
145     577399
146     570926
147     590009
148     580555
149     457309
150     424143
151     473826
152     537380
153     574425
154     589500
155     549420
156     539905
157     539447
158     540401
159     530161
160     547900
161     579348
162     568950
163     556289
164     477519
165     506062
166     446890
167     608153
168     570285
169     549650
170     552238
171     436269
172     577425
173     555860
174     584440
175     545288
176     562781
177     528151
178     547759
179     492702
180     379439
181     525318
182     556207
183     548136
184     559098
185     507522
186     528286
187     579330
188     534723
189     509020
190     534073
191     550225
192     609847
193     558439
194     481686
195     566577
196     577594
197     433881
198     512230
199     493535
200     541625
201     524213
202     550701
203     557355
204     490535
205     568893
206     558851
207     564018
208     602994
209     570124
210     536051
211     466454
212     550265
213     528142
214     375037